37210783158795773395185372902281437116645404222754
11339477574610916776388275690660317079658586401235
19157746191980003391360731753136504604964694897310
79120218705732099037743370511812223753007148291782
08289880455843377847350536857364106983376970513946
74491016946105604478106257797801524164161318844810
13030667611504350021252963696429571882412961324964
70828477052186666124293488670687571936038609859787
84993968577827165363589520931090993343552339087868
08950060069688194899160691413629155682408160719455
14957302033035349506488197991362132385463176174077
76083481200820824187488825332755421006681067468854
65560002421208894942825621620768628520139661477550
21419077738968026047342980599357707444661330339626
14513977588910705797623623178871888329350996862034
23764657980152971251217194261859683037476040609754
67172136201019588295137873797418181362307780502331
30078065946604739758247483041045916231213862610419
30343564383185081328029634447124279713002344703987
60115076581269248133498093960486008326418782329883
92606474270389363141973769517497421646919544254631
63507369226484291738676228690596669194850828251241
89876104074741626074960109191304339051733891460642
36944158181129153960725738657665667992754874845346
10362755258141592467260940221392543994632478000213
35044925455565988837240570940708406761846348594677
80921588281948803513016607650043617675214806497245
18050033828500424338166649936121680104209217381994
98599605117381739015135831185726196899515362493757
65830116325951158299301961747209744137596110346505
83396187932012067136218904382723574086232991649860
83793587222234250429555183955390980475142648792906
28925358177562057477522539630554989698276953993021
60378403064451203597242114925552624016812113056390
45449202203270310733139069390015055024341471482684
58299754874675495123581066721729302159800756041882
63278414217242042112718120894521715056042192425865
71467510088616904648946716963969583495858293603698
93472558186445273508469050751883865556239896058883
15241204273896694815199393092815005954432296543904
28904202559914860770334309774673764727241490457408
46338634691821745322138588033159873678994832858970
75743989272356336589578662762912997836469664919695
88145030952972754743159307683441982542589980752859
01577727295053031854389924264453246118098479158421
11384956675688082888236858319091266272010800413463
39780801455552544909996176513590264457675998513711
48395528163331650937750892252670539344195798183284
24797704544175956740308375006910167045347725343271
77961824196296757036897424355455067564649826585266